# Created by Octave 4.2.1, Sat Mar 17 00:13:15 2018 GMT <unknown@unknown>
# name: genuine
# type: matrix
# rows: 1
# columns: 50
 97.81878870095416 264.5597907138837 5.173389397044872 4.657084148176125 9.025136989309189 45.24615565419166 18.78047214811511 13.27520261454646 5.804273637001231 35.5755470775791 12.39016587257245 19.35667762700604 27.69999102381095 39.83928135245964 6.559928858637051 9.130884138676777 22.97303199846709 10.43026764000923 111.4490606234436 75.51240674785078 44.25875817639269 16.74134151184297 2.801027312358542 115.6245072120494 11.29865745210188 4.575681616090776 18.43516379834557 23.0487070439973 69.1167551706485 0.9683434490552969 9.129955339708374 4.589868807858693 89.60953894721936 40.04041054907381 35.76329816640265 81.0520227104813 1.890969639028683 123.878383437323 125.915184189476 14.85603162648968 24.89371647143793 94.03543469292225 41.18985213283287 10.85289248679697 65.93442305315821 5.257303418729631 17.63615946645577 64.44346492225441 24.08108174479537 25.53464399640876


# name: imposter
# type: matrix
# rows: 1
# columns: 2450
 309.3940001392923 70.28196523601224 449.3066552064037 30.03160649868323 87.96030018945109 209.4422502633831 119.098232127085 218.6089607166252 181.8661065285658 17.66772040766412 17.0648091209556 21.24699394737431 0.3753036902301687 283.1237482667669 144.5166035150346 281.803977439436 0.1609687186202962 56.25742907538259 374.2792735181102 179.5267995337815 168.5950069053672 260.2215978801579 89.10550710119783 361.9487585316958 418.6410611129504 60.92925648148201 341.6881167602648 101.3969004201853 26.29537103466066 93.15088679149329 454.9208961541653 47.67094297698023 381.9209994662212 149.4236287443584 170.2809024319742 110.9935282638761 20.42933177686899 7.639054781746239 72.43309142207525 43.31873088918692 52.58821989152189 187.0127847918923 240.2623304628461 172.1251950269902 109.0589760008865 175.7382519178128 57.75441776935349 82.84925008133479 69.99469526734796 52.9845792755456 115.1161746614208 404.4724457809951 29.09324872374469 43.12609076404253 164.6080408379745 74.2640227016764 173.7747512912167 137.0318971031572 4.228702034613278 61.89901854636416 66.08120337278287 44.45890573517839 238.2895388413583 189.3508129404432 236.9697680140274 1.765494253480128 11.42321964997403 329.4450640927017 134.692590108373 123.7607974799586 215.3873884547494 44.27129767578927 317.1145491062872 373.8068516875418 105.7634659068906 296.8539073348563 56.56269099477676 18.5388383907479 137.9850962169019 410.0866867287568 2.836733551571669 337.0867900408126 194.257838169767 125.4466930065656 66.1593188384675 14.05389367561541 37.19515464366232 27.59888199666669 70.72519027494062 7.754010466113328 142.1785753664837 195.4281210374376 127.2909856015817 64.22476657547794 130.9040424924042 102.5886271947621 127.6834595067433 42.85706391737845 162.9273645399215 374.5025759782596 514.4152310453711 35.07696934028414 153.0688760284185 274.5508261023504 184.2068079660523 283.7175365555926 246.9746823675331 82.77629624663149 35.9756491724917 38.23457364679811 1.121149200154321 348.2323241057342 79.40802767606723 346.9125532784033 64.94760712034707 121.36600491435 439.3878493570776 244.6353753727489 233.7035827443345 325.3301737191253 154.2140829401652 427.0573343706632 483.7496369519178 4.179319357485355 406.7966925992322 133.4048081319191 1.951958475382384 28.04231095252592 520.0294719931327 112.7795188159476 447.0295753051886 84.31505290539107 235.3894782709415 176.1021041028434 85.53790761583636 72.74763062071361 137.5416672610426 21.78984494978044 117.6967957304893 188.1869281309923 305.3709063018135 237.2337708659576 174.1675518398539 157.2737332155915 7.354158069613874 17.74067424236742 4.886119428380596 95.93415229810029 72.87987765721937 620.7315988741027 302.2945388539313 388.5998007796721 19.18038367953125 124.9981851218012 131.3441396256577 53.79439022535388 293.0923642225371 314.0965987503928 571.6966275854647 249.2677409364219 141.545143291585 694.9662371531251 71.90422830353424 85.7077787536665 155.8570459361174 31.9479732347574 113.4545570737308 287.2280220346171 89.16243835637437 349.2258526225772 158.2875602055633 70.38583375202325 611.3788901195725 112.0185775360637 327.8158152332752 423.7919154981532 643.6005204295838 36.36815773763965 260.4986322488339 28.65016884367611 699.873262382449 125.2336319711717 373.7834293070039 341.1990276374657 19.2969791363256 217.7527281786597 197.1530628886259 252.254700230716 231.8095106967255 227.5271262891389 202.0397538892541 395.2207426924891 268.6589004017538 608.204051407444 633.2988837194252 412.403836623624 7.86366325248212 183.8622183705843 195.8137470047203 323.7748734376957 17.83974830354041 83.91046849467506 6.433549641623038 93.07717894791722 56.33432475985775 57.75118782920548 110.8212531189897 146.7787757160823 33.85369738948189 157.5919664980589 270.0483852837426 156.272195670728 82.46306659677957 21.00000267225793 248.7474917494022 53.99501776507354 43.06322513665917 134.6898161114499 36.42627466751017 236.4169767629878 293.1092793442424 186.46103825019 216.1563349915568 24.13488134852268 1.125936371229251 218.6826685602013 329.3891143854573 30.36684722776501 256.3892176975132 274.9554105130665 44.74912066326616 11.0101313961563 53.63886776151327 117.8927269869618 53.09869034663275 9.972382068358819 25.04969284202677 61.48100302318429 114.7305486941381 46.59341325828223 7.570191624179088 50.20647014910481 183.2861995380615 208.3810318500428 12.51401524575849 59.94616963190381 102.2980116266824 277.3779537486222 242.2106666937938 41.05910627154922 2.346261750773103 51.94142831525441 11.51297220401527 5.97476478391232 50.26128090294336 29.25704637508772 228.3429824599843 47.71050935442007 76.0277597541569 351.6125920276446 74.707988926826 95.63798853680291 102.5642094161599 167.1832850055003 27.56918897882841 10.00537065147065 53.12560936754797 5.872207497096692 154.8527700190858 211.5450726003405 268.025244994092 134.5921282476549 15.53782989220531 80.4382703726727 300.2468753041032 247.8249076415554 82.85501287664655 174.8250109536112 356.5196172569684 36.81508608063579 30.42978418152334 2.154617488014807 94.43081317670192 12.11620112988604 51.11131751893949 56.51451390187519 20.08320372071767 33.16634195023617 34.97079348561972 51.86709756700863 1.444210454450882 264.8504062819634 289.9452385939447 69.05019149814346 157.094687803625 134.0404131627441 681.8921343796275 56.50345135734864 363.455074359456 449.7603362851969 186.1587206273259 192.5046751311825 114.9549257308786 354.2528997280619 375.2571342559175 632.8571630909895 310.4282764419467 202.7056787971098 756.1267726586498 133.064763809059 146.8683142591913 217.0175814416421 6.862312385725204 174.6150925792556 348.3885575401418 150.3229738618991 410.3863881281019 219.448095711088 11.45906712721728 672.5394256250972 173.1791130415885 388.9763507388 484.952451003678 704.7610559351085 97.52869324316441 321.6591677543587 89.81070434920088 761.0337978879736 186.3941674766965 434.9439648125286 402.3595631429905 80.45751464185037 278.9132636841844 258.3135983941507 313.4152357362408 292.9700462022503 288.6876617946637 263.2002893947789 456.3812781980139 329.8194359072786 669.3645869129687 694.45941922495 473.5643721291488 62.41981618006659 25.42057128862461 462.3776303959359 57.21099004648013 143.9405703757644 230.2458323015053 66.64099800928406 27.00982885250914 104.559578252813 134.7383957443703 155.7426302722259 413.3426591072979 90.91377245825504 14.2701443492127 536.6122686749582 3.871847190552671 72.64618972450037 2.496922542049504 17.81639164181334 14.9084132897803 128.8740535564502 6.415678025036868 190.8718841444103 0.06640827260360993 26.54539595302683 453.0249216414056 5.798846481482116 169.4618467551083 265.4379470199863 485.2465519514169 62.82523099424176 102.1446637706671 10.17466569370239 541.519293904282 33.12033650699516 215.429460828837 182.8450591592988 55.55820431315902 59.39875970049277 38.79909441045905 93.90073175254915 73.45554221855863 69.17315781097199 